00000000100000000010000000100000
00000000100000000010000000100001
00000000100000000010000000100010
00000000100000000010000000100011
00100000100001000000100010001000
00000000100000000010000000100100
00110000100001000000000001111011
00000000100001000000000000011010
00000000100001000000000000011011
00000000100001000000000000011000
00000000100001000000000000011001
00000000100000000010000000100101
00110100100001000000000100000000
00000000100000000010000000100110
00111000100001000000000001100100
00111100000001000000000011001000
00000000100000000010000000101010
00000000000001000010000000000100
00000000000001000010000000000110
00000000000001000010000010000000
00000000000001000010000100000010
00000000000001000010000011000011
00000000100000000000000000001000
00000000000000000000000010001100
00000000000000000010000000010000
00000000000000000010000000010010
00000000100000000000000000010001
00000001101000000000000000010011
01000010000000000000000000011000
10000001010010000000000001100100
10010001010010000000000001100100
10000101010010000000000001100100
10010101010010000000000001100100
10001101010010000000000001100100
10100001010010000000000001100100
10100101010010000000000001100100
10101101010010000000000001100100
00010001000010011111111111111111
00010101000010011111111111111110
00000101000000001111111111111101
00000101000000011111111111111100
00011101000000001111111111111011
00011001000000001111111111111010
00001000000000000000000000100101
00001100000000000000000000100101
01000000000000000010000000000000
01000000100001000000000000000000
00010010001101000101011001111000
